1 19960311 41 5 4 52 30 33 0 0.00
2 19960318 9 39 37 49 43 41 1 2307162.23
3 19960325 36 30 10 11 29 47 2 391192.51
4 19960401 6 59 42 27 1 5 0 0.00
5 19960408 1 19 46 6 16 2 0 0.00
6 19960415 19 40 7 13 22 47 0 0.00
7 19960422 56 38 21 20 3 5 0 0.00
8 19960429 53 17 38 4 47 37 0 0.00
9 19960506 55 43 56 54 8 60 0 0.00
10 19960513 25 4 18 57 21 38 0 0.00
11 19960520 25 15 58 37 59 38 1 15591365.07
12 19960527 20 27 43 16 19 4 0 0.00
13 19960603 47 32 50 54 18 56 0 0.00
14 19960610 16 2 27 47 23 53 0 0.00
15 19960617 60 12 33 52 35 51 0 0.00
16 19960624 60 58 49 32 20 34 0 0.00
17 19960701 10 20 6 19 51 13 1 6789869.08
18 19960708 37 36 56 27 42 23 0 0.00
19 19960715 5 25 12 10 60 24 0 0.00
20 19960722 25 28 30 33 51 11 0 0.00
21 19960729 49 46 6 53 33 36 0 0.00
22 19960805 9 38 56 1 31 46 0 0.00
23 19960812 17 52 51 59 39 37 0 0.00
24 19960819 1 8 14 28 33 43 1 18661679.61
25 19960825 56 50 55 54 24 43 0 0.00
26 19960901 50 53 57 10 58 22 0 0.00
27 19960908 44 33 13 51 17 20 0 0.00
28 19960915 60 6 22 3 24 54 0 0.00
29 19960922 14 56 58 8 43 3 1 5401793.60
30 19960929 38 50 7 29 15 14 0 0.00
31 19961006 56 19 28 48 17 45 0 0.00
32 19961013 43 33 14 36 5 44 0 0.00
33 19961020 5 33 49 17 42 39 1 13997410.74
34 19961027 15 13 57 53 40 17 0 0.00
35 19961103 21 57 16 23 54 4 0 0.00
36 19961110 13 3 51 17 29 25 0 0.00
37 19961117 22 6 7 52 38 60 0 0.00
38 19961124 55 42 10 43 45 54 0 0.00
39 19961201 16 37 45 52 56 12 0 0.00
40 19961208 3 12 46 5 47 8 0 0.00
41 19961215 38 26 35 39 12 47 1 17019238.50
42 19961222 24 36 19 33 7 11 0 0.00
43 19961229 2 58 25 6 26 17 0 0.00
44 19970105 47 38 18 14 29 44 0 0.00
45 19970112 30 7 37 55 44 53 0 0.00
46 19970119 32 46 1 60 24 23 0 0.00
47 19970126 35 17 3 48 25 56 0 0.00
48 19970202 47 5 34 28 2 50 0 0.00
49 19970209 33 7 43 35 13 55 1 8405156.76
50 19970216 57 44 21 16 58 6 0 0.00
51 19970223 23 24 42 25 17 47 0 0.00
52 19970302 58 15 59 30 38 46 0 0.00
53 19970309 42 13 3 46 38 16 0 0.00
54 19970316 5 21 9 56 18 36 2 7469653.99
55 19970323 29 2 14 38 23 52 0 0.00
56 19970330 51 35 59 7 20 2 0 0.00
57 19970406 27 17 16 34 7 59 0 0.00
58 19970413 30 49 27 37 12 44 1 3631304.91
59 19970420 28 13 34 2 8 54 0 0.00
60 19970427 38 14 21 15 3 20 0 0.00
61 19970504 59 8 18 29 42 44 0 0.00
62 19970511 52 13 6 24 8 31 0 0.00
63 19970518 26 9 41 49 25 40 1 13680019.57
64 19970525 8 54 50 60 23 12 0 0.00
65 19970601 20 1 5 32 25 34 0 0.00
66 19970608 15 26 12 33 48 13 0 0.00
67 19970615 47 14 27 52 17 12 0 0.00
68 19970622 53 13 3 1 12 59 0 0.00
69 19970629 56 58 34 53 25 45 0 0.00
70 19970706 40 17 23 43 27 58 0 0.00
71 19970713 53 16 45 43 33 27 0 0.00
72 19970720 19 48 43 1 34 44 0 0.00
73 19970727 57 25 45 28 51 26 1 21026575.40
74 19970803 2 24 34 50 38 37 0 0.00
75 19970810 36 49 37 35 24 21 0 0.00
76 19970817 33 18 23 8 17 53 0 0.00
77 19970824 29 54 40 57 49 21 0 0.00
78 19970831 22 32 46 12 25 31 0 0.00
79 19970907 43 25 2 13 31 17 1 6770601.75
80 19970914 51 40 37 23 48 28 0 0.00
81 19970921 47 41 10 60 54 23 0 0.00
82 19970928 51 36 53 29 18 15 1 13877826.02
83 19971005 24 16 4 42 57 15 0 0.00
84 19971012 10 34 4 6 25 40 0 0.00
85 19971019 47 15 30 37 45 6 0 0.00
86 19971026 54 21 6 34 36 22 0 0.00
87 19971102 40 4 28 32 11 5 0 0.00
88 19971109 45 37 29 4 43 18 0 0.00
89 19971116 59 42 34 13 44 55 0 0.00
90 19971123 21 26 40 54 9 52 1 15764300.87
91 19971130 60 4 10 35 39 2 0 0.00
92 19971207 5 23 51 3 1 24 0 0.00
93 19971214 22 53 31 28 2 36 0 0.00
94 19971221 28 51 55 18 52 8 0 0.00
95 19971228 46 60 6 40 50 45 0 0.00
96 19980104 4 42 58 26 7 40 1 5218562.47
97 19980111 56 53 11 14 5 35 1 727932.66
98 19980118 43 33 14 31 35 13 0 0.00
99 19980125 30 33 24 11 46 60 0 0.00
100 19980201 46 48 30 14 29 51 0 0.00
101 19980208 39 1 37 31 29 18 0 0.00
102 19980215 44 42 37 56 19 20 1 11336626.88
103 19980222 9 1 57 7 54 49 1 696984.24
104 19980301 13 1 38 21 52 4 0 0.00
105 19980308 3 13 31 43 46 49 0 0.00
106 19980315 24 16 38 5 39 35 0 0.00
107 19980322 2 24 52 4 16 51 0 0.00
108 19980329 60 29 34 24 21 59 0 0.00
109 19980404 54 13 44 49 48 1 0 0.00
110 19980411 57 58 18 31 43 52 0 0.00
111 19980418 52 32 4 33 25 22 0 0.00
112 19980425 37 43 34 20 12 42 1 15802579.93
113 19980502 34 54 26 28 55 7 0 0.00
114 19980509 47 54 18 6 12 37 0 0.00
115 19980516 6 14 24 20 4 38 0 0.00
116 19980523 36 42 32 5 13 51 0 0.00
117 19980530 53 42 27 20 33 25 0 0.00
118 19980606 22 57 37 9 25 56 0 0.00
119 19980613 47 21 1 50 36 38 0 0.00
120 19980620 46 45 16 40 27 3 0 0.00
121 19980627 53 41 44 2 29 55 0 0.00
122 19980704 20 43 39 11 53 17 0 0.00
123 19980711 13 42 16 32 14 26 0 0.00
124 19980718 52 5 34 57 15 41 1 24536288.72
125 19980725 56 47 25 59 53 41 0 0.00
126 19980801 32 28 6 10 11 40 0 0.00
127 19980808 59 21 51 54 29 50 0 0.00
128 19980815 23 43 3 21 9 18 0 0.00
129 19980822 46 54 10 9 1 32 0 0.00
130 19980829 13 42 38 49 53 29 0 0.00
131 19980905 30 9 17 27 4 44 0 0.00
132 19980912 44 35 50 41 9 7 0 0.00
133 19980919 19 57 6 39 34 5 1 30533241.12
134 19980926 60 32 25 36 52 4 0 0.00
135 19981003 35 40 21 59 53 22 0 0.00
136 19981010 17 25 45 38 1 59 0 0.00
137 19981017 26 15 16 22 19 49 0 0.00
138 19981024 41 14 37 5 40 27 0 0.00
139 19981031 26 27 13 42 41 3 2 3902486.14
140 19981107 55 31 46 44 41 7 0 0.00
141 19981114 10 22 42 13 41 58 0 0.00
142 19981121 20 59 19 54 15 8 0 0.00
143 19981128 40 18 6 20 50 53 0 0.00
144 19981205 8 32 44 36 45 55 1 33597755.21
145 19981212 43 15 41 51 16 31 0 0.00
146 19981219 51 34 25 60 42 32 0 0.00
147 19981224 24 6 38 23 28 16 1 3805750.38
148 19981231 32 55 59 41 58 35 0 0.00
149 19990109 11 45 48 7 28 20 0 0.00
150 19990116 50 44 12 55 52 54 0 0.00
151 19990123 3 43 16 56 52 20 1 24091811.02
152 19990130 12 5 15 51 58 29 0 0.00
153 19990206 47 2 31 42 45 30 0 0.00
154 19990213 8 10 24 33 45 48 0 0.00
155 19990220 12 32 44 43 35 30 1 4988808.21
156 19990227 52 23 42 17 55 49 0 0.00
157 19990306 17 13 4 44 41 21 1 2140030.92
158 19990313 58 43 51 14 17 4 0 0.00
159 19990320 16 9 50 58 11 35 1 2038170.67
160 19990327 13 42 52 58 2 54 0 0.00
161 19990403 25 37 30 39 6 41 0 0.00
162 19990410 23 33 51 38 48 21 0 0.00
163 19990417 41 56 27 36 53 8 2 8975833.36
164 19990424 4 19 14 10 44 28 0 0.00
165 19990501 39 56 19 23 10 35 2 1044444.54
166 19990508 60 57 59 13 12 22 0 0.00
167 19990515 1 38 48 28 11 33 1 2100980.21
168 19990522 45 2 35 9 50 31 0 0.00
169 19990529 52 51 37 13 21 1 0 0.00
170 19990605 7 51 55 41 58 46 0 0.00
171 19990612 54 27 4 43 40 46 1 16052410.83
172 19990619 49 36 14 26 35 10 0 0.00
173 19990626 29 28 49 17 42 50 1 2148316.42
174 19990703 11 52 22 23 36 59 0 0.00
175 19990710 10 20 13 1 42 50 0 0.00
176 19990717 28 4 1 45 53 3 0 0.00
177 19990724 35 22 39 41 59 38 0 0.00
178 19990731 5 27 19 26 15 33 1 6129539.43
179 19990807 6 53 5 26 27 23 0 0.00
180 19990814 39 6 29 60 51 23 0 0.00
181 19990821 33 1 55 35 51 27 0 0.00
182 19990828 46 60 5 10 28 3 0 0.00
183 19990904 16 11 7 40 44 2 0 0.00
184 19990911 9 60 21 16 41 34 0 0.00
185 19990918 59 17 22 46 43 55 0 0.00
186 19990925 24 26 51 25 14 23 0 0.00
187 19991002 6 44 58 41 36 48 0 0.00
188 19991010 34 42 43 46 27 17 1 64905517.65
189 19991016 41 53 38 4 31 15 0 0.00
190 19991024 32 40 42 21 10 5 0 0.00
191 19991031 58 5 41 3 1 23 1 50968412.58
192 19991106 1 60 26 41 28 54 0 0.00
193 19991113 12 4 11 49 43 19 0 0.00
194 19991120 32 42 43 25 28 33 0 0.00
195 19991127 17 3 44 37 9 32 1 6370250.64
196 19991204 32 17 9 14 24 7 0 0.00
197 19991211 19 52 29 15 12 5 0 0.00
198 19991218 40 23 1 18 35 8 0 0.00
199 19991224 52 37 57 16 10 50 1 4915593.20
200 19991231 12 15 44 34 51 19 2 8829389.20
201 20000108 55 22 5 30 35 20 1 1038373.94
202 20000115 49 53 44 12 24 45 0 0.00
203 20000122 11 55 44 19 29 47 0 0.00
204 20000129 31 41 51 39 58 29 0 0.00
205 20000205 26 32 54 43 46 40 1 4490339.49
206 20000212 20 26 56 18 34 51 0 0.00
207 20000219 19 7 3 55 24 53 0 0.00
208 20000226 23 15 57 24 47 25 0 0.00
209 20000304 13 52 32 41 21 26 0 0.00
210 20000311 37 58 20 38 48 32 0 0.00
211 20000318 10 20 40 45 50 33 0 0.00
212 20000325 29 57 15 45 59 6 0 0.00
213 20000401 3 30 9 35 23 32 3 7089194.54
214 20000408 30 12 6 50 35 31 0 0.00
215 20000415 7 58 28 53 37 46 0 0.00
216 20000422 35 42 59 18 30 14 4 801057.55
217 20000429 27 32 3 51 49 45 0 0.00
218 20000506 54 40 42 17 47 12 1 1878255.09
219 20000513 26 23 49 28 42 36 0 0.00
220 20000520 36 53 55 13 60 14 1 12636751.12
221 20000527 54 13 58 43 50 27 0 0.00
222 20000603 5 48 30 55 52 19 0 0.00
223 20000610 28 24 22 2 58 6 0 0.00
224 20000617 20 16 18 7 44 21 0 0.00
225 20000624 21 16 4 37 2 58 0 0.00
226 20000701 2 50 59 38 49 1 1 6916920.13
227 20000708 37 26 27 42 11 48 0 0.00
228 20000715 16 40 45 59 43 13 0 0.00
229 20000722 39 45 11 21 33 13 1 2992781.57
230 20000729 56 44 41 40 8 53 0 0.00
231 20000805 16 59 27 42 44 36 0 0.00
232 20000812 29 19 41 22 37 59 0 0.00
233 20000819 45 3 24 36 7 32 5 3196547.03
234 20000826 15 45 54 25 42 41 0 0.00
235 20000902 29 41 55 2 31 22 0 0.00
236 20000909 10 52 50 57 25 60 0 0.00
237 20000916 36 7 45 31 56 57 0 0.00
238 20000923 15 9 41 13 37 42 4 1429476.11
239 20000930 33 21 44 46 47 6 1 866183.32
240 20001007 59 28 25 41 57 38 0 0.00
241 20001014 11 57 40 35 56 31 0 0.00
242 20001021 22 7 4 21 28 56 0 0.00
243 20001028 20 47 23 32 16 11 0 0.00
244 20001104 19 60 50 24 47 33 0 0.00
245 20001111 44 51 27 53 8 60 3 9153484.88
246 20001118 2 57 32 43 16 37 0 0.00
247 20001125 34 3 30 10 23 46 0 0.00
248 20001202 56 16 34 41 35 32 0 0.00
249 20001209 21 55 54 40 36 49 0 0.00
250 20001216 55 25 41 42 43 7 0 0.00
251 20001223 34 15 23 55 49 30 0 0.00
252 20001230 17 54 4 51 32 26 2 15107002.24
253 20010106 12 11 56 44 24 37 0 0.00
254 20010113 4 30 56 21 22 1 0 0.00
255 20010120 32 44 55 19 20 16 0 0.00
256 20010127 21 52 34 26 2 32 0 0.00
257 20010203 28 5 1 34 4 19 1 6808483.96
258 20010210 12 60 54 7 55 50 0 0.00
259 20010217 20 43 33 13 15 58 0 0.00
260 20010224 43 4 60 59 6 33 0 0.00
261 20010303 5 54 20 56 30 16 0 0.00
262 20010310 53 60 48 20 58 11 0 0.00
263 20010317 8 50 26 9 53 43 0 0.00
264 20010324 5 25 31 13 1 33 2 16055880.73
265 20010331 7 50 53 16 41 34 0 0.00
266 20010407 38 54 48 23 2 46 0 0.00
267 20010414 58 1 45 55 8 46 0 0.00
268 20010421 21 10 47 6 5 33 0 0.00
269 20010428 19 18 52 25 17 49 0 0.00
270 20010505 45 27 35 40 5 9 1 25186260.21
271 20010512 14 31 54 29 26 24 0 0.00
272 20010519 36 58 9 10 56 24 0 0.00
273 20010526 47 52 10 27 23 17 1 3456480.23
274 20010602 11 39 47 18 13 26 0 0.00
275 20010609 16 30 19 38 48 37 0 0.00
276 20010616 53 59 39 45 22 57 0 0.00
277 20010623 40 26 38 4 56 52 0 0.00
278 20010630 22 10 18 55 15 31 0 0.00
279 20010707 31 59 4 58 23 47 0 0.00
280 20010714 5 16 30 25 58 20 0 0.00
281 20010721 11 5 47 31 53 38 1 22414093.50
282 20010728 33 24 36 9 14 23 1 958878.82
283 20010801 48 34 28 54 25 42 1 367173.22
284 20010804 8 36 14 32 30 7 1 901884.48
285 20010808 50 56 41 12 32 37 0 0.00
286 20010811 44 37 56 29 47 35 0 0.00
287 20010815 60 47 3 33 25 13 1 1931474.80
288 20010818 50 9 18 11 6 17 0 0.00
289 20010822 36 6 30 20 7 25 0 0.00
290 20010825 57 30 7 25 40 26 0 0.00
291 20010829 22 16 5 41 18 17 0 0.00
292 20010901 24 34 53 45 23 13 0 0.00
293 20010905 6 12 35 5 28 7 0 0.00
294 20010908 28 45 41 22 57 25 2 7696680.33
295 20010912 24 44 7 31 12 50 0 0.00
296 20010915 20 51 42 3 52 46 0 0.00
297 20010919 20 28 41 1 33 36 0 0.00
298 20010922 22 34 24 23 5 60 1 2994572.21
299 20010926 7 5 2 53 33 49 0 0.00
300 20010929 27 57 41 38 28 24 0 0.00
301 20011003 58 26 49 57 48 9 0 0.00
302 20011006 25 40 12 60 30 41 0 0.00
303 20011010 7 13 30 37 47 17 1 12257748.27
304 20011013 42 7 11 34 59 41 0 0.00
305 20011017 11 5 27 60 38 53 0 0.00
306 20011020 30 19 57 41 56 47 0 0.00
307 20011024 26 17 13 41 16 44 0 0.00
308 20011027 55 25 4 11 29 39 1 4138172.99
309 20011031 39 50 25 55 11 4 1 442899.06
310 20011103 28 14 29 2 31 32 0 0.00
311 20011107 32 22 24 41 30 38 0 0.00
312 20011110 14 30 50 41 47 23 0 0.00
313 20011114 14 38 53 24 16 37 0 0.00
314 20011117 5 32 40 58 37 34 0 0.00
315 20011121 50 21 43 12 28 22 1 13675105.67
316 20011124 28 51 56 6 24 43 0 0.00
317 20011128 27 20 48 16 30 35 0 0.00
318 20011201 19 53 40 3 31 20 1 2227008.03
319 20011205 12 16 23 17 19 48 0 0.00
320 20011208 20 53 47 50 22 27 0 0.00
321 20011212 11 31 32 48 49 4 0 0.00
322 20011215 18 11 29 44 47 56 0 0.00
323 20011219 31 49 54 33 26 40 0 0.00
324 20011222 22 8 30 15 47 25 0 0.00
325 20011229 4 23 3 1 21 53 2 8743877.80
326 20020105 52 23 40 51 44 21 0 0.00
327 20020109 46 38 29 33 32 48 0 0.00
328 20020112 51 5 23 7 14 21 1 2721357.01
329 20020116 24 11 40 12 35 10 0 0.00
330 20020119 2 4 23 37 14 51 0 0.00
331 20020123 27 1 35 20 37 13 0 0.00
332 20020126 28 23 42 29 44 34 0 0.00
333 20020130 35 27 53 44 52 4 0 0.00
334 20020202 41 26 51 14 24 23 2 8729392.91
335 20020206 43 33 57 23 59 7 0 0.00
336 20020209 2 18 54 22 30 26 0 0.00
337 20020216 31 52 14 54 16 4 0 0.00
338 20020220 48 46 9 1 36 4 0 0.00
339 20020223 13 16 12 5 27 50 0 0.00
340 20020227 10 60 42 9 33 12 0 0.00
341 20020302 56 23 22 43 16 5 0 0.00
342 20020306 29 49 54 51 16 34 0 0.00
343 20020309 4 6 7 24 12 41 2 9937283.03
344 20020313 33 36 12 35 10 14 0 0.00
345 20020316 56 11 58 46 51 22 1 1447870.53
346 20020320 56 7 46 60 41 12 0 0.00
347 20020323 26 10 52 1 12 48 0 0.00
348 20020327 39 40 33 52 19 30 0 0.00
349 20020330 9 38 32 8 54 28 0 0.00
350 20020403 23 30 43 10 15 57 0 0.00
351 20020406 15 16 59 60 24 41 0 0.00
352 20020410 49 7 47 25 20 44 0 0.00
353 20020413 60 46 30 55 23 19 0 0.00
354 20020417 40 52 38 16 7 41 1 18680098.10
355 20020420 2 37 22 60 14 23 0 0.00
356 20020424 54 19 5 58 56 21 0 0.00
357 20020427 45 53 32 2 30 35 0 0.00
358 20020504 40 42 32 12 21 17 0 0.00
359 20020508 31 54 20 29 13 19 0 0.00
360 20020511 47 24 29 55 53 23 0 0.00
361 20020515 41 28 45 31 16 59 0 0.00
362 20020518 37 20 33 46 7 56 1 18399160.53
363 20020522 39 54 29 49 47 19 0 0.00
364 20020525 59 44 29 5 51 57 1 1307293.04
365 20020529 52 19 34 37 58 23 1 462752.26
366 20020601 6 4 51 7 21 15 0 0.00
367 20020605 52 49 27 33 12 10 1 1150498.02
368 20020608 13 50 38 32 44 29 0 0.00
369 20020612 21 42 1 60 35 14 1 1221738.07
370 20020615 51 42 4 54 1 40 0 0.00
371 20020619 23 33 39 4 60 18 0 0.00
372 20020622 24 17 46 57 16 39 2 4792658.35
373 20020626 31 33 24 10 5 1 0 0.00
374 20020629 54 2 26 5 44 16 0 0.00
375 20020703 51 9 42 5 58 1 0 0.00
376 20020706 25 13 10 43 35 48 0 0.00
377 20020710 46 19 3 45 12 27 0 0.00
378 20020713 55 45 48 41 5 38 0 0.00
379 20020717 41 55 24 59 33 40 0 0.00
380 20020720 47 22 13 30 31 57 0 0.00
381 20020724 9 56 46 28 10 55 0 0.00
382 20020727 54 38 53 31 37 34 0 0.00
383 20020731 48 22 53 56 50 14 0 0.00
384 20020803 28 50 47 24 40 52 0 0.00
385 20020807 22 12 24 18 5 16 2 12952192.89
386 20020810 39 54 43 36 17 35 0 0.00
387 20020814 29 28 48 47 43 22 0 0.00
388 20020817 52 48 53 58 23 36 0 0.00
389 20020821 46 14 54 18 43 5 0 0.00
390 20020824 7 22 34 12 38 53 1 17611429.97
391 20020828 7 15 35 16 40 4 0 0.00
392 20020831 49 47 39 31 15 23 1 1410917.29
393 20020904 12 50 36 6 35 40 0 0.00
394 20020907 15 49 42 5 45 35 0 0.00
395 20020911 11 58 31 14 10 20 1 1843709.96
396 20020914 47 18 6 45 34 42 0 0.00
397 20020918 32 24 2 5 1 46 0 0.00
398 20020921 28 7 16 37 36 22 1 2221289.77
399 20020925 59 55 16 27 47 11 0 0.00
400 20020928 29 59 13 10 54 28 0 0.00
401 20021002 50 18 44 53 11 43 0 0.00
402 20021005 27 43 58 5 16 56 0 0.00
403 20021009 46 31 7 16 60 27 0 0.00
404 20021012 24 38 58 1 40 28 0 0.00
405 20021016 57 60 34 24 29 47 0 0.00
406 20021019 47 32 48 12 38 2 0 0.00
407 20021023 49 2 18 51 22 57 0 0.00
408 20021026 49 44 33 28 56 14 1 18948827.67
409 20021030 26 49 25 18 31 34 0 0.00
410 20021102 31 55 36 24 8 38 0 0.00
411 20021106 10 56 12 31 45 38 0 0.00
412 20021109 45 5 14 21 59 12 0 0.00
413 20021113 35 53 29 33 2 4 0 0.00
414 20021116 35 26 58 52 45 16 1 17428452.98
415 20021120 38 44 4 1 27 42 0 0.00
416 20021123 13 1 23 56 54 33 0 0.00
417 20021127 25 7 12 21 42 34 0 0.00
418 20021130 45 8 32 49 15 52 2 1558712.24
419 20021204 41 42 52 53 16 9 0 0.00
420 20021207 43 12 59 30 57 29 0 0.00
421 20021211 38 45 35 37 5 51 0 0.00
422 20021214 60 12 56 37 55 43 0 0.00
423 20021218 8 22 33 40 32 53 0 0.00
424 20021221 29 36 27 18 59 46 0 0.00
425 20021228 6 16 10 34 47 42 1 18979599.19
426 20030104 7 32 54 50 30 37 0 0.00
427 20030108 51 13 43 24 3 14 0 0.00
428 20030111 60 8 32 28 46 30 0 0.00
429 20030115 55 32 17 36 26 43 0 0.00
430 20030118 50 21 10 25 38 8 1 14410708.81
431 20030122 58 26 40 37 47 52 0 0.00
432 20030125 50 17 13 27 4 39 0 0.00
433 20030129 36 17 28 16 54 30 0 0.00
434 20030201 24 17 4 54 30 10 0 0.00
435 20030205 37 11 17 31 43 10 0 0.00
436 20030208 1 6 57 29 48 7 0 0.00
437 20030212 54 10 59 44 30 7 0 0.00
438 20030215 38 48 14 3 11 5 0 0.00
439 20030219 42 13 20 29 43 57 0 0.00
440 20030222 46 23 30 47 5 3 0 0.00
441 20030226 2 15 58 10 59 21 0 0.00
442 20030301 15 31 23 6 59 37 1 19946601.01
443 20030308 11 36 17 26 52 48 0 0.00
444 20030312 48 52 57 24 3 33 0 0.00
445 20030315 31 50 7 53 32 20 0 0.00
446 20030319 11 20 8 47 12 17 2 1767117.91
447 20030322 24 55 15 33 25 42 0 0.00
448 20030326 5 3 52 45 9 51 0 0.00
449 20030329 34 56 24 1 49 8 0 0.00
450 20030402 59 51 13 1 9 50 0 0.00
451 20030405 23 18 31 17 53 28 0 0.00
452 20030409 54 11 51 16 36 30 0 0.00
453 20030412 58 52 8 34 20 23 0 0.00
454 20030416 4 17 42 56 46 24 0 0.00
455 20030419 50 15 17 2 14 59 0 0.00
456 20030423 17 40 22 27 33 3 0 0.00
457 20030426 48 15 24 27 17 32 3 10000441.74
458 20030430 43 53 13 32 34 24 0 0.00
459 20030503 43 17 8 15 49 39 0 0.00
460 20030507 19 55 30 23 37 49 0 0.00
461 20030510 30 17 20 29 15 60 0 0.00
462 20030514 27 48 17 19 26 22 0 0.00
463 20030517 7 18 2 45 3 53 0 0.00
464 20030521 6 33 45 38 24 50 1 28414544.43
465 20030524 46 31 1 57 22 51 0 0.00
466 20030528 28 16 45 29 30 11 0 0.00
467 20030531 38 21 8 22 18 60 0 0.00
468 20030604 23 6 25 39 51 5 0 0.00
469 20030607 29 47 42 21 13 26 2 2596432.92
470 20030611 51 58 23 11 8 37 0 0.00
471 20030614 51 59 31 5 36 32 0 0.00
472 20030618 12 3 38 29 51 4 0 0.00
473 20030621 51 7 58 49 23 41 0 0.00
474 20030625 34 3 12 50 32 40 0 0.00
475 20030628 19 6 43 52 8 22 0 0.00
476 20030702 38 43 20 55 17 58 0 0.00
477 20030705 47 34 8 6 18 38 3 10401481.92
478 20030709 30 8 31 3 21 25 0 0.00
479 20030712 20 54 58 26 41 46 0 0.00
480 20030716 36 38 33 14 49 41 0 0.00
481 20030719 42 6 24 44 22 13 3 6796888.03
482 20030723 13 56 12 33 53 54 0 0.00
483 20030726 16 23 35 18 44 59 0 0.00
484 20030730 53 19 38 18 17 49 0 0.00
485 20030802 38 28 52 30 19 57 0 0.00
486 20030806 50 42 19 8 30 14 1 5125800.12
487 20030809 25 22 48 52 54 8 2 467702.34
488 20030813 30 39 35 43 15 57 0 0.00
489 20030816 28 36 17 53 33 59 0 0.00
490 20030820 5 11 29 54 23 58 1 11070173.50
491 20030823 22 43 15 55 9 1 1 849344.26
492 20030827 57 2 15 6 56 18 0 0.00
493 20030830 54 20 3 18 42 24 0 0.00
494 20030903 28 32 49 53 18 20 0 0.00
495 20030906 36 15 60 8 29 49 0 0.00
496 20030910 41 20 19 29 59 10 0 0.00
497 20030913 9 41 32 13 58 20 0 0.00
498 20030917 49 28 2 6 57 50 0 0.00
499 20030920 59 1 11 5 44 4 1 8698099.22
500 20030927 35 21 54 29 38 36 1 9394248.83
501 20031001 34 27 56 28 16 39 0 0.00
502 20031004 50 7 33 21 24 13 2 730915.33
503 20031008 10 21 48 27 49 7 0 0.00
504 20031011 39 19 11 8 50 30 0 0.00
505 20031015 47 20 52 3 46 28 0 0.00
506 20031018 31 37 34 15 38 4 0 0.00
507 20031022 44 58 5 27 33 3 2 1963484.53
508 20031025 46 56 5 15 45 10 0 0.00
509 20031029 32 55 34 35 28 33 0 0.00
510 20031101 30 45 58 1 4 41 2 4252983.06
511 20031105 8 36 34 37 3 4 0 0.00
512 20031108 8 40 58 4 53 31 3 653828.50
513 20031112 46 10 27 19 33 39 0 0.00
514 20031115 15 52 40 36 51 42 0 0.00
515 20031119 39 16 57 15 45 48 0 0.00
516 20031122 24 5 34 13 35 33 0 0.00
517 20031126 51 32 8 28 38 7 0 0.00
518 20031129 44 8 5 15 18 10 0 0.00
519 20031203 9 36 15 19 42 22 0 0.00
520 20031206 32 34 17 35 9 12 0 0.00
521 20031210 28 32 38 25 15 45 0 0.00
522 20031213 49 52 15 25 14 6 0 0.00
523 20031217 45 58 40 39 28 44 0 0.00
524 20031220 47 29 34 48 19 41 1 42794697.56
525 20031227 26 32 24 49 8 10 2 10208722.99
526 20040103 3 59 21 36 55 31 0 0.00
527 20040107 17 14 50 52 6 26 0 0.00
528 20040110 34 28 37 12 8 31 0 0.00
529 20040114 56 45 13 33 38 1 15 348732.75
530 20040117 32 21 25 1 6 49 0 0.00
531 20040121 3 1 35 7 18 50 0 0.00
532 20040124 13 4 12 53 9 52 0 0.00
533 20040128 27 18 13 59 21 53 0 0.00
534 20040131 48 57 23 8 31 3 1 15184658.12
535 20040204 49 14 47 56 6 28 1 7834139.14
536 20040207 14 22 25 15 37 23 0 0.00
537 20040211 37 3 19 34 39 7 1 2054340.05
538 20040214 45 43 56 25 52 3 0 0.00
539 20040218 16 50 55 6 47 19 0 0.00
540 20040221 22 4 30 44 28 49 0 0.00
541 20040228 58 57 27 13 49 52 1 9144543.50
542 20040303 49 4 19 28 35 6 0 0.00
543 20040306 35 54 37 42 49 46 1 1836749.58
544 20040310 11 33 56 47 17 34 0 0.00
545 20040313 43 35 57 29 40 17 1 6409645.53
546 20040317 46 4 54 17 13 5 0 0.00
547 20040320 4 59 13 53 28 30 1 1746857.35
548 20040324 51 49 14 47 59 58 0 0.00
549 20040327 13 51 58 22 46 8 0 0.00
550 20040331 17 56 16 38 39 45 0 0.00
551 20040403 56 48 57 21 12 46 0 0.00
552 20040407 22 54 52 47 49 9 0 0.00
553 20040410 43 46 58 53 54 4 0 0.00
554 20040414 47 29 31 15 60 42 0 0.00
555 20040417 49 5 23 33 45 31 1 23810057.19
556 20040421 8 45 30 33 17 10 0 0.00
557 20040424 18 49 38 23 8 12 0 0.00
558 20040428 59 57 7 58 31 14 0 0.00
559 20040501 53 25 36 13 17 6 1 3707152.54
560 20040505 32 18 11 30 2 58 0 0.00
561 20040508 39 49 36 20 55 1 0 0.00
562 20040512 37 35 23 16 57 55 0 0.00
563 20040515 34 8 23 44 51 5 0 0.00
564 20040519 38 13 32 20 10 49 0 0.00
565 20040522 31 37 35 7 45 34 0 0.00
566 20040526 17 6 20 18 13 37 0 0.00
567 20040529 57 58 11 38 41 31 0 0.00
568 20040602 25 41 17 29 13 22 0 0.00
569 20040605 32 15 14 9 3 57 1 46663532.70
570 20040609 35 32 36 33 51 15 0 0.00
571 20040612 14 31 12 13 51 50 0 0.00
572 20040616 33 3 20 60 9 16 0 0.00
573 20040619 59 29 17 6 40 22 0 0.00
574 20040623 32 23 2 10 44 17 0 0.00
575 20040626 18 29 21 48 35 5 2 25737016.52
576 20040630 18 43 52 39 7 8 0 0.00
577 20040703 31 47 28 23 8 24 0 0.00
578 20040707 48 3 58 18 56 23 1 3982872.62
579 20040710 15 34 39 17 4 9 1 1175432.13
580 20040714 38 16 18 28 15 47 0 0.00
581 20040717 30 25 52 14 39 17 1 11781320.02
582 20040721 13 40 29 59 45 51 0 0.00
583 20040724 55 6 41 20 43 7 0 0.00
584 20040728 30 53 23 7 32 8 0 0.00
585 20040731 24 39 12 33 57 36 1 10166807.68
586 20040804 45 38 13 11 54 39 0 0.00
587 20040807 30 2 36 18 60 29 0 0.00
588 20040811 45 13 46 55 53 11 0 0.00
589 20040814 13 7 33 59 6 8 0 0.00
590 20040818 25 51 5 18 4 28 0 0.00
591 20040821 58 3 18 50 34 1 0 0.00
592 20040825 55 14 59 47 13 42 0 0.00
593 20040828 27 29 1 59 25 49 0 0.00
594 20040901 10 53 55 29 13 47 0 0.00
595 20040904 54 2 43 1 50 25 0 0.00
596 20040908 43 60 28 11 54 14 0 0.00
597 20040911 42 40 27 22 56 29 0 0.00
598 20040915 5 16 53 38 50 34 2 23179951.19
599 20040918 6 45 51 9 23 4 0 0.00
600 20040922 18 39 54 34 31 16 0 0.00
601 20040925 37 19 29 30 10 22 0 0.00
602 20040929 38 60 13 7 55 46 0 0.00
603 20041002 4 8 11 29 12 44 1 24750883.61
604 20041006 41 49 51 25 15 46 0 0.00
605 20041009 44 52 53 4 49 24 0 0.00
606 20041013 41 6 23 55 32 35 1 11878491.65
607 20041016 6 59 11 27 19 41 0 0.00
608 20041020 30 6 37 19 24 13 0 0.00
609 20041023 15 2 59 60 6 58 0 0.00
610 20041027 25 49 30 43 47 45 0 0.00
611 20041030 22 21 33 16 48 49 0 0.00
612 20041103 55 33 15 50 53 18 0 0.00
613 20041106 54 55 13 44 6 19 0 0.00
614 20041110 60 31 12 48 57 16 0 0.00
615 20041113 27 31 8 10 51 5 0 0.00
616 20041117 24 16 26 54 12 2 0 0.00
617 20041120 25 5 49 36 33 3 2 17791387.59
618 20041124 60 10 3 8 24 13 0 0.00
619 20041127 16 12 46 14 8 19 0 0.00
620 20041201 22 1 29 13 32 3 0 0.00
621 20041204 29 31 50 26 57 49 0 0.00
622 20041208 59 27 19 29 50 38 0 0.00
623 20041211 42 23 55 30 9 49 0 0.00
624 20041215 39 23 34 52 8 43 1 22375180.08
625 20041218 59 12 32 42 24 40 0 0.00
626 20041222 49 8 22 18 7 39 0 0.00
627 20041229 19 13 45 58 56 1 0 0.00
628 20050105 8 16 22 56 58 30 1 17373966.13
629 20050108 40 47 39 16 51 15 1 1104456.38
630 20050112 16 53 20 60 12 45 0 0.00
631 20050115 1 28 47 20 44 32 1 10579247.17
632 20050119 2 54 48 51 19 28 0 0.00
633 20050122 27 46 5 50 11 22 0 0.00
634 20050126 13 41 24 42 10 56 0 0.00
635 20050129 49 42 37 8 20 26 0 0.00
636 20050202 30 32 34 50 28 26 0 0.00
637 20050205 52 58 43 48 11 18 0 0.00
638 20050212 42 10 50 41 11 36 0 0.00
639 20050216 51 39 35 60 45 13 0 0.00
640 20050219 12 42 59 46 19 60 0 0.00
641 20050223 17 13 33 9 1 34 1 31923289.19
642 20050226 51 17 56 36 44 40 0 0.00
643 20050302 14 45 24 37 40 42 0 0.00
644 20050305 57 29 31 27 34 14 0 0.00
645 20050309 52 48 24 53 54 3 0 0.00
646 20050312 13 47 60 32 49 10 0 0.00
647 20050316 56 19 11 14 12 54 1 17603353.15
648 20050319 5 48 23 42 45 29 3 361199.61
649 20050323 9 54 41 48 33 24 0 0.00
650 20050326 53 59 25 29 10 24 0 0.00
651 20050330 39 45 28 26 48 60 0 0.00
652 20050402 24 18 57 56 10 20 0 0.00
653 20050406 31 24 19 34 9 5 0 0.00
654 20050409 10 11 56 40 41 6 1 15767596.35
655 20050413 26 39 1 37 43 48 0 0.00
656 20050416 59 37 46 36 35 51 0 0.00
657 20050420 20 59 58 33 60 16 1 11354235.39
658 20050423 41 20 36 3 11 6 0 0.00
659 20050427 14 29 40 34 51 52 0 0.00
660 20050430 53 5 38 54 46 11 0 0.00
661 20050504 42 40 27 4 55 36 0 0.00
662 20050507 4 60 56 25 18 23 0 0.00
663 20050511 1 49 30 55 27 51 0 0.00
664 20050514 12 1 55 59 38 36 0 0.00
665 20050518 8 47 7 48 25 18 0 0.00
666 20050521 7 26 16 29 45 55 0 0.00
667 20050525 5 23 16 4 49 1 1 34263173.55
668 20050528 49 33 56 2 14 1 0 0.00
669 20050601 7 41 24 40 49 27 1 2170216.15
670 20050604 42 59 58 37 48 22 0 0.00
671 20050608 27 16 39 51 9 38 0 0.00
672 20050611 43 34 53 38 28 24 0 0.00
673 20050615 6 40 37 11 20 34 0 0.00
674 20050618 22 32 18 29 42 38 0 0.00
675 20050622 50 42 30 25 43 24 0 0.00
676 20050625 49 32 15 9 41 42 0 0.00
677 20050629 25 10 48 8 32 55 0 0.00
678 20050702 44 46 31 14 40 42 0 0.00
679 20050706 37 21 54 3 58 25 1 51890452.61
680 20050709 44 2 26 5 3 22 0 0.00
681 20050713 59 21 53 25 58 38 0 0.00
682 20050716 60 37 47 36 4 27 0 0.00
683 20050720 43 40 12 11 2 35 0 0.00
684 20050723 50 37 33 40 19 17 0 0.00
685 20050727 33 27 5 56 12 43 1 44331219.78
686 20050730 33 5 4 54 15 26 0 0.00
687 20050803 59 48 1 7 41 14 0 0.00
688 20050806 47 30 52 11 21 35 0 0.00
689 20050810 6 60 7 31 49 51 0 0.00
690 20050813 15 41 8 47 12 53 0 0.00
691 20050817 55 16 58 8 37 50 0 0.00
692 20050820 33 18 60 11 58 57 0 0.00
693 20050824 14 50 41 17 31 13 0 0.00
694 20050827 15 19 29 53 37 41 0 0.00
695 20050831 13 40 21 52 6 11 0 0.00
696 20050903 37 16 34 57 53 9 2 19251302.49
697 20050910 53 35 32 31 28 51 0 0.00
698 20050914 22 8 27 43 55 12 0 0.00
699 20050919 53 17 50 23 54 48 0 0.00
700 20050921 2 3 24 40 31 14 0 0.00
701 20050924 13 1 31 23 60 48 0 0.00
702 20050928 1 56 18 58 45 57 0 0.00
703 20051001 30 24 2 45 11 27 0 0.00
704 20051005 2 27 50 34 18 4 0 0.00
705 20051008 3 15 11 13 26 43 0 0.00
706 20051015 22 10 17 7 2 60 0 0.00
707 20051019 51 8 1 43 10 36 2 19919975.72
708 20051022 45 13 39 47 9 7 0 0.00
709 20051026 29 22 44 9 6 4 0 0.00
710 20051029 46 25 5 49 39 34 0 0.00
711 20051105 10 5 41 59 40 33 0 0.00
712 20051109 35 7 53 58 8 43 0 0.00
713 20051112 46 1 26 16 12 54 0 0.00
714 20051116 17 53 39 8 7 35 0 0.00
715 20051119 54 36 12 4 33 24 3 10825809.33
716 20051123 29 2 7 50 16 32 1 945382.75
717 20051126 28 35 41 17 6 23 0 0.00
718 20051130 7 35 21 39 58 33 0 0.00
719 20051203 39 47 37 53 32 3 0 0.00
720 20051207 12 56 44 51 31 54 0 0.00
721 20051210 14 3 23 55 36 25 0 0.00
722 20051214 60 36 57 18 44 9 0 0.00
723 20051217 16 6 52 1 36 50 0 0.00
724 20051221 34 51 55 17 48 27 0 0.00
725 20051231 49 9 3 35 37 41 2 15815987.63
726 20060104 40 47 1 5 7 37 0 0.00
727 20060107 14 42 12 4 59 30 0 0.00
728 20060111 44 42 13 8 24 32 0 0.00
729 20060114 33 56 18 57 43 5 1 4969519.90
730 20060118 45 15 2 54 16 50 0 0.00
731 20060121 35 6 15 23 28 16 0 0.00
732 20060125 49 19 53 50 17 6 0 0.00
733 20060128 12 26 31 43 46 2 0 0.00
734 20060201 44 45 27 29 43 54 1 16726569.98
735 20060204 40 42 15 52 38 9 0 0.00
736 20060208 1 21 38 41 56 49 0 0.00
737 20060211 33 12 24 38 11 32 0 0.00
738 20060215 15 30 14 42 26 54 0 0.00
739 20060218 6 45 56 49 35 10 0 0.00
740 20060222 29 47 12 50 16 28 1 26132814.65
741 20060225 26 39 27 24 59 36 0 0.00
742 20060301 34 17 7 41 2 50 0 0.00
743 20060304 54 20 32 60 25 23 0 0.00
744 20060308 26 46 12 23 39 4 0 0.00
745 20060311 21 57 37 16 43 2 0 0.00
746 20060315 49 12 10 57 25 1 2 6995681.58
747 20060318 21 23 56 12 3 2 0 0.00
748 20060322 1 7 19 51 35 2 0 0.00
749 20060325 24 47 4 57 48 50 0 0.00
750 20060329 58 17 54 10 42 33 0 0.00
751 20060401 4 25 38 50 20 7 0 0.00
752 20060405 25 4 29 42 24 23 0 0.00
753 20060408 59 35 43 22 7 2 1 17388228.32
754 20060412 4 42 34 50 3 13 0 0.00
755 20060415 59 30 47 12 4 49 0 0.00
756 20060419 37 50 41 5 38 27 0 0.00
757 20060422 17 32 12 18 58 30 0 0.00
758 20060426 47 59 1 23 36 43 0 0.00
759 20060429 59 39 30 31 48 45 0 0.00
760 20060503 12 17 60 44 46 45 0 0.00
761 20060506 56 29 17 13 27 40 0 0.00
762 20060510 39 9 21 12 37 54 0 0.00
763 20060513 40 47 1 48 9 26 0 0.00
764 20060518 7 3 55 47 53 45 1 40539530.90
765 20060521 3 37 50 16 30 10 0 0.00
766 20060524 1 50 19 42 24 58 0 0.00
767 20060527 22 50 32 38 54 15 0 0.00
768 20060531 33 37 59 30 4 8 1 21024430.31
769 20060603 20 21 50 29 12 16 0 0.00
770 20060607 4 34 25 35 48 12 0 0.00
771 20060610 29 46 34 47 21 14 0 0.00
772 20060614 38 51 52 60 10 35 0 0.00
773 20060617 3 5 51 29 34 14 0 0.00
774 20060621 37 5 54 58 46 10 1 16319071.08
775 20060624 27 12 46 47 42 50 0 0.00
776 20060628 57 35 60 41 3 15 0 0.00
777 20060701 14 50 23 2 28 56 0 0.00
778 20060705 45 20 36 37 31 51 0 0.00
779 20060708 36 54 52 25 29 26 0 0.00
780 20060712 10 50 28 51 59 7 0 0.00
781 20060715 10 54 8 39 56 13 0 0.00
782 20060719 11 23 59 42 35 2 0 0.00
783 20060722 43 21 48 8 4 32 1 28244624.32
784 20060726 42 56 8 37 27 53 0 0.00
785 20060729 35 5 37 8 48 17 1 9770979.43
786 20060802 27 31 26 11 10 41 0 0.00
787 20060805 37 31 20 60 34 54 0 0.00
788 20060809 31 57 17 19 29 44 0 0.00
789 20060812 60 39 31 38 6 50 0 0.00
790 20060816 22 2 19 28 43 6 0 0.00
791 20060819 42 35 19 9 14 58 1 12212213.94
792 20060823 43 56 9 45 29 34 0 0.00
793 20060826 3 51 33 15 16 57 0 0.00
794 20060830 56 47 55 38 42 3 0 0.00
795 20060902 14 36 21 29 26 48 0 0.00
796 20060906 19 24 43 34 39 5 0 0.00
797 20060909 58 48 52 47 12 6 0 0.00
798 20060913 32 9 4 52 29 3 0 0.00
799 20060916 29 35 19 57 42 55 0 0.00
800 20060920 1 7 56 11 37 38 0 0.00
801 20060923 20 22 11 19 48 42 0 0.00
802 20060927 14 24 60 6 18 48 0 0.00
803 20060930 10 57 28 3 5 21 0 0.00
804 20061004 13 59 37 56 3 47 1 34172202.25
805 20061007 30 2 48 60 43 36 0 0.00
806 20061012 60 41 47 26 35 18 0 0.00
807 20061014 8 27 2 32 56 49 0 0.00
808 20061018 15 21 31 46 2 57 0 0.00
809 20061021 25 23 11 5 30 15 0 0.00
810 20061025 4 33 1 48 5 37 0 0.00
811 20061028 32 57 28 41 10 47 2 14597902.39
812 20061101 57 39 54 11 38 13 0 0.00
813 20061104 23 15 56 46 9 45 0 0.00
814 20061108 11 2 46 50 8 41 0 0.00
815 20061111 57 50 9 39 37 19 0 0.00
816 20061116 21 47 40 52 30 20 0 0.00
817 20061118 34 43 29 30 10 52 0 0.00
818 20061122 44 41 22 8 9 25 0 0.00
819 20061125 51 5 58 46 25 19 0 0.00
820 20061129 17 45 32 21 10 46 2 13046320.38
821 20061202 4 29 38 36 33 42 0 0.00
822 20061206 4 17 41 10 27 52 0 0.00
823 20061209 15 26 59 1 54 51 0 0.00
824 20061213 33 48 6 7 20 9 0 0.00
825 20061216 28 21 40 10 41 47 0 0.00
826 20061219 45 6 8 7 53 27 0 0.00
827 20061221 24 56 30 51 42 18 0 0.00
828 20061223 23 50 53 42 28 38 0 0.00
829 20061231 32 50 14 47 10 56 0 0.00
830 20070103 53 51 2 41 13 49 0 0.00
831 20070106 3 50 48 42 32 33 0 0.00
832 20070110 17 49 15 33 39 23 1 52807317.17
833 20070113 53 58 57 16 46 13 0 0.00
834 20070117 44 10 17 16 51 34 1 2820323.56
835 20070120 58 31 57 49 33 18 0 0.00
836 20070124 28 22 38 17 52 59 0 0.00
837 20070127 16 5 24 34 6 60 1 25067473.09
838 20070131 9 30 47 38 23 44 0 0.00
839 20070203 11 18 8 7 37 43 0 0.00
840 20070207 43 29 35 59 31 17 0 0.00
841 20070210 36 51 32 22 38 7 0 0.00
842 20070214 51 44 60 9 7 30 0 0.00
843 20070217 34 48 1 16 45 36 0 0.00
844 20070224 54 24 44 57 34 16 0 0.00
845 20070228 40 48 19 20 14 52 0 0.00
846 20070303 47 54 2 50 3 44 0 0.00
847 20070307 42 14 44 27 15 48 1 40484388.84
848 20070310 56 34 17 32 47 27 1 1351049.04
849 20070314 8 39 9 58 44 49 0 0.00
850 20070317 60 22 59 25 44 7 0 0.00
851 20070321 16 32 35 58 19 3 3 4966312.44
852 20070324 14 38 6 23 44 34 0 0.00
853 20070328 51 30 59 46 38 56 0 0.00
854 20070331 17 3 24 27 44 25 0 0.00
855 20070404 42 3 24 53 43 31 0 0.00
856 20070407 11 40 41 47 15 42 0 0.00
857 20070411 17 59 49 2 3 50 0 0.00
858 20070414 31 37 54 23 4 18 2 8889537.74
859 20070418 46 47 12 57 34 9 0 0.00
860 20070423 22 8 17 42 44 2 0 0.00
861 20070425 42 40 60 59 47 39 1 10840760.96
862 20070428 19 35 12 2 11 8 1 1152211.30
863 20070502 32 53 50 57 15 24 0 0.00
864 20070505 31 11 33 42 57 8 0 0.00
865 20070509 27 23 41 51 26 53 0 0.00
866 20070512 36 48 27 40 5 46 0 0.00
867 20070516 54 26 28 19 44 10 0 0.00
868 20070519 57 51 21 22 25 40 0 0.00
869 20070523 29 42 50 51 49 27 1 16192436.64
870 20070526 52 8 43 34 40 21 0 0.00
871 20070530 17 5 58 1 47 10 0 0.00
872 20070602 18 55 58 43 31 5 0 0.00
873 20070606 57 59 4 34 19 30 0 0.00
874 20070609 59 20 52 42 44 10 0 0.00
875 20070613 53 18 36 58 24 20 1 26631943.24
876 20070616 4 12 41 45 60 8 0 0.00
877 20070620 13 15 20 31 28 36 0 0.00
878 20070623 37 12 43 38 11 54 0 0.00
879 20070627 29 10 46 35 42 28 0 0.00
880 20070630 51 30 49 25 37 46 0 0.00
881 20070704 43 24 4 51 18 56 0 0.00
882 20070707 42 45 44 60 41 17 1 21492982.24
883 20070711 21 37 60 32 52 53 0 0.00
884 20070714 22 11 2 14 39 12 0 0.00
885 20070718 13 4 31 33 47 51 0 0.00
886 20070721 50 55 37 33 59 17 0 0.00
887 20070725 44 12 32 21 1 34 0 0.00
888 20070728 50 24 40 54 52 60 1 18947548.96
889 20070801 34 54 20 39 60 24 0 0.00
890 20070804 9 21 22 7 17 54 0 0.00
891 20070808 15 22 19 35 34 16 0 0.00
892 20070811 1 49 52 42 19 44 0 0.00
893 20070815 56 53 51 26 18 3 0 0.00
894 20070818 37 24 44 28 20 41 0 0.00
895 20070822 2 55 41 43 57 58 0 0.00
896 20070825 31 11 41 35 22 5 0 0.00
897 20070829 21 57 46 22 7 43 0 0.00
898 20070901 4 8 3 54 45 30 2 27782053.83
899 20070905 58 18 54 36 53 20 0 0.00
900 20070908 4 21 59 18 38 34 1 23334752.92
901 20070912 32 34 16 13 56 33 0 0.00
902 20070915 52 55 23 50 58 18 0 0.00
903 20070919 17 5 32 55 20 41 0 0.00
904 20070922 32 44 59 53 48 51 0 0.00
905 20070926 4 15 57 55 2 16 1 18405503.18
906 20070929 35 39 29 24 7 14 1 1583115.71
907 20071003 9 41 53 37 36 51 0 0.00
908 20071006 19 1 9 25 50 52 0 0.00
909 20071010 42 17 26 38 28 22 0 0.00
910 20071013 53 29 36 3 15 27 0 0.00
911 20071017 49 46 1 29 6 28 1 15981772.55
912 20071020 26 21 54 4 19 29 0 0.00
913 20071024 30 14 59 36 46 38 1 2915782.13
914 20071027 33 51 9 23 45 12 0 0.00
915 20071031 20 28 49 26 17 48 1 9448268.16
916 20071103 33 37 5 38 28 36 0 0.00
917 20071107 23 59 25 47 46 30 0 0.00
918 20071110 38 44 8 4 12 52 0 0.00
919 20071114 43 25 41 60 31 3 0 0.00
920 20071117 17 57 55 24 52 5 0 0.00
921 20071121 35 41 1 57 9 48 0 0.00
922 20071124 41 49 45 19 13 12 0 0.00
923 20071128 53 39 2 50 57 15 0 0.00
924 20071201 51 27 60 21 20 2 0 0.00
925 20071205 52 37 46 8 22 36 1 40628613.64
926 20071208 40 41 34 33 21 59 0 0.00
927 20071212 36 26 31 23 19 33 0 0.00
928 20071215 32 10 49 60 4 33 1 5077029.42
929 20071219 16 49 35 39 57 27 0 0.00
930 20071222 46 20 55 37 28 49 0 0.00
931 20071231 17 34 7 36 39 19 0 0.00
932 20080105 2 21 42 53 36 17 1 19685655.01
933 20080109 25 39 45 51 8 14 0 0.00
934 20080112 25 48 44 3 21 1 0 0.00
935 20080116 7 45 18 13 29 31 0 0.00
936 20080119 5 33 14 29 44 22 2 8699137.89
937 20080123 22 41 2 30 21 52 0 0.00
938 20080126 35 15 27 57 50 59 0 0.00
939 20080130 6 23 19 50 37 49 0 0.00
940 20080202 25 33 51 31 5 37 0 0.00
941 20080206 11 15 10 27 60 53 0 0.00
942 20080209 5 52 18 8 59 42 0 0.00
943 20080213 47 41 58 3 23 12 1 20498366.41
944 20080216 16 58 43 37 52 59 0 0.00
945 20080220 44 8 59 54 4 27 0 0.00
946 20080223 59 1 47 5 52 12 0 0.00
947 20080227 33 11 3 58 14 5 1 16035424.27
948 20080301 22 44 41 46 52 54 0 0.00
949 20080305 44 1 51 52 41 23 0 0.00
950 20080308 48 59 49 41 42 23 0 0.00
951 20080312 49 24 39 34 55 14 0 0.00
952 20080315 54 11 27 18 2 30 0 0.00
953 20080319 55 48 1 39 16 42 1 20509951.37
954 20080322 8 5 24 18 57 33 0 0.00
955 20080326 35 5 32 21 33 12 2 5678963.92
956 20080329 46 51 47 59 54 57 1 1385109.95
957 20080402 50 32 25 34 57 24 0 0.00
958 20080405 13 22 7 33 51 48 3 978205.14
959 20080409 57 3 5 11 33 39 0 0.00
960 20080412 34 6 33 18 53 19 0 0.00
961 20080416 16 53 2 4 21 36 0 0.00
962 20080419 2 48 49 40 55 11 1 13272508.39
963 20080423 37 17 15 50 48 59 0 0.00
964 20080426 42 13 33 20 8 26 0 0.00
965 20080430 36 39 57 58 5 30 0 0.00
966 20080503 1 58 26 28 4 41 0 0.00
967 20080507 18 14 57 30 13 5 0 0.00
968 20080510 30 4 13 60 51 1 0 0.00
969 20080514 56 35 50 13 41 25 1 21823614.22
970 20080517 57 34 5 54 28 21 3 3712467.76
971 20080521 4 14 33 44 11 45 0 0.00
972 20080524 33 18 15 56 31 34 3 912435.75
973 20080528 53 36 8 30 1 47 0 0.00
974 20080531 45 20 38 31 16 12 0 0.00
975 20080604 33 9 37 40 41 30 0 0.00
976 20080607 28 53 38 23 14 25 0 0.00
977 20080611 17 3 9 32 7 5 1 16584111.63
978 20080614 42 58 12 18 16 27 0 0.00
979 20080618 28 3 39 51 31 15 0 0.00
980 20080621 35 17 59 15 36 29 0 0.00
981 20080625 8 41 53 1 58 34 0 0.00
982 20080628 12 24 8 40 43 49 0 0.00
983 20080702 38 45 40 16 32 22 1 24038180.79
984 20080705 46 20 4 43 47 10 0 0.00
985 20080709 4 56 18 59 46 16 0 0.00
986 20080712 32 6 31 24 15 19 0 0.00
987 20080716 47 27 13 31 34 58 0 0.00
988 20080719 48 17 46 56 60 8 0 0.00
989 20080723 38 21 27 2 29 32 0 0.00
990 20080726 29 18 2 15 10 39 2 26586140.51
991 20080730 8 38 60 41 15 9 0 0.00
992 20080802 6 8 4 1 25 28 0 0.00
993 20080806 26 25 42 60 5 24 0 0.00
994 20080809 44 40 58 29 3 20 0 0.00
995 20080813 4 54 55 36 16 31 0 0.00
996 20080816 21 23 20 7 29 15 2 14458257.67
997 20080820 18 53 55 32 9 17 0 0.00
998 20080823 28 21 4 32 3 22 0 0.00
999 20080827 44 36 55 58 18 24 0 0.00
1000 20080830 49 58 53 39 38 29 0 0.00
1001 20080903 15 37 27 12 60 51 0 0.00
1002 20080906 3 31 7 25 40 58 1 24880988.57
1003 20080910 10 27 23 5 16 26 1 1609524.90
1004 20080913 45 47 29 40 44 43 0 0.00
1005 20080917 6 41 4 37 12 42 1 12989451.54
1006 20080920 48 17 4 33 55 2 1 1675260.09
1007 20080924 49 27 4 36 52 37 0 0.00
1008 20080927 7 15 42 48 34 13 0 0.00
1009 20081001 34 12 1 6 58 29 2 2591825.61
1010 20081004 2 46 3 37 13 54 0 0.00
1011 20081008 30 2 52 21 11 35 0 0.00
1012 20081011 47 19 58 14 40 55 0 0.00
1013 20081015 7 9 20 41 12 19 1 15668367.92
1014 20081018 60 57 9 25 8 41 0 0.00
1015 20081022 49 8 28 3 26 17 0 0.00
1016 20081025 11 9 25 5 60 20 1 13814409.97
1017 20081029 31 51 19 6 56 34 0 0.00
1018 20081101 55 51 58 9 44 24 0 0.00
1019 20081105 29 47 4 13 46 23 0 0.00
1020 20081108 19 32 52 1 2 39 0 0.00
1021 20081112 42 55 51 43 2 33 1 17819642.97
1022 20081116 31 21 40 39 56 5 0 0.00
1023 20081119 45 40 2 7 18 8 0 0.00
1024 20081122 28 53 18 39 22 29 0 0.00
1025 20081126 52 40 29 27 28 10 0 0.00
1026 20081129 10 33 51 53 6 17 0 0.00
1027 20081203 20 18 47 44 60 33 0 0.00
1028 20081206 54 26 34 51 20 52 0 0.00
1029 20081210 17 5 16 24 20 32 1 32271347.11
1030 20081213 57 8 54 1 23 37 0 0.00
1031 20081217 49 33 24 40 46 43 1 19067463.74
1032 20081220 57 43 15 29 26 16 0 0.00
1033 20081224 39 6 5 33 54 17 0 0.00
1034 20081227 20 42 1 3 49 18 0 0.00
1035 20081231 51 60 1 11 59 26 0 0.00
1036 20090103 27 39 36 10 41 52 1 44550370.27
1037 20090107 56 36 4 44 46 53 0 0.00
1038 20090110 51 7 6 28 35 43 0 0.00
1039 20090114 52 2 20 27 36 24 0 0.00
1040 20090117 44 1 28 55 6 39 0 0.00
1041 20090121 12 10 36 54 44 57 1 29372147.91
1042 20090124 25 46 51 18 13 30 0 0.00
1043 20090128 25 14 51 48 60 21 0 0.00
1044 20090131 58 10 39 11 13 35 0 0.00
1045 20090204 31 6 5 17 50 1 0 0.00
1046 20090207 57 40 28 42 54 55 1 23031543.81
1047 20090211 1 2 10 48 14 8 0 0.00
1048 20090214 57 3 38 21 28 16 1 3901088.76
1049 20090218 34 17 52 5 2 29 1 1636050.81
1050 20090221 60 14 45 24 33 26 0 0.00
1051 20090225 57 11 7 43 10 13 0 0.00
1052 20090228 8 11 16 15 57 52 1 14557865.34
1053 20090304 15 42 27 53 34 49 1 1629650.34
1054 20090307 41 27 13 60 14 18 0 0.00
1055 20090311 27 32 15 12 20 16 2 5273833.35
1056 20090314 38 8 50 53 59 6 1 1872397.32
1057 20090318 15 49 59 4 3 2 0 0.00
1058 20090321 20 51 57 45 24 18 1 3671709.67
1059 20090325 37 1 14 45 12 16 1 1600783.97
1060 20090328 1 41 3 18 16 42 1 8287163.48
1061 20090401 9 41 56 23 21 30 0 0.00
1062 20090404 55 8 2 37 23 33 0 0.00
1063 20090408 49 1 22 47 44 50 0 0.00
1064 20090411 28 4 19 16 49 29 0 0.00
1065 20090415 7 57 19 43 39 30 0 0.00
1066 20090418 10 43 49 32 25 6 0 0.00
1067 20090422 14 10 56 25 4 28 0 0.00
1068 20090425 44 48 25 57 27 47 0 0.00
1069 20090429 28 17 49 53 45 9 1 36400425.15
1070 20090502 41 53 8 23 5 16 2 8120833.45
1071 20090506 5 37 43 7 53 54 0 0.00
1072 20090509 19 18 54 47 43 9 0 0.00
1073 20090513 44 36 32 8 34 25 0 0.00
1074 20090516 3 47 10 50 29 23 0 0.00
1075 20090520 53 39 16 21 10 12 0 0.00
1076 20090523 32 33 10 19 42 4 0 0.00
1077 20090527 11 6 18 5 37 9 2 14486088.42
1078 20090530 3 6 45 34 41 43 0 0.00
1079 20090603 36 12 37 24 5 28 1 4033499.58
1080 20090606 56 11 20 41 34 18 0 0.00
1081 20090610 9 56 29 52 16 24 0 0.00
1082 20090613 4 40 50 17 55 38 0 0.00
1083 20090617 20 28 42 23 10 43 0 0.00
1084 20090620 20 5 29 59 40 33 0 0.00
1085 20090624 39 50 21 12 40 55 0 0.00
1086 20090627 45 4 6 23 10 2 4 13904065.20
1087 20090701 36 46 28 32 3 20 0 0.00
1088 20090704 24 42 35 31 6 57 0 0.00
1089 20090708 37 48 32 2 18 20 0 0.00
1090 20090711 24 9 40 20 36 42 0 0.00
1091 20090715 27 56 17 24 49 23 0 0.00
1092 20090718 40 30 1 9 33 34 0 0.00
1093 20090722 27 49 38 23 41 19 0 0.00
1094 20090725 10 9 48 36 41 21 1 55863193.02
1095 20090729 27 23 36 10 21 16 0 0.00
1096 20090801 3 41 52 14 13 16 0 0.00
1097 20090805 21 48 33 1 56 17 1 34907671.59
1098 20090808 30 20 21 11 50 52 1 2656519.77
1099 20090812 55 44 38 35 14 31 0 0.00
1100 20090815 41 33 17 18 7 42 0 0.00
1101 20090819 7 12 57 6 24 10 1 22310116.55
1102 20090822 46 23 9 35 11 51 0 0.00
1103 20090826 41 19 10 28 55 56 0 0.00
1104 20090829 3 35 58 49 2 6 0 0.00
1105 20090902 43 1 50 28 57 15 1 21878202.24
1106 20090905 4 15 50 60 43 47 0 0.00
1107 20090909 36 20 54 9 3 53 0 0.00
1108 20090912 60 44 7 39 43 9 0 0.00
1109 20090916 11 52 14 6 29 8 0 0.00
1110 20090919 26 45 6 28 42 14 2 12343077.59
1111 20090923 4 43 25 9 33 32 1 2100928.15
1112 20090926 4 34 52 32 58 43 0 0.00
1113 20090930 47 36 29 59 3 6 2 2321158.61
1114 20091003 16 3 22 54 25 15 1 2310563.74
1115 20091007 44 41 18 50 37 30 0 0.00
1116 20091010 17 20 4 47 9 13 1 14545870.49
1117 20091014 27 35 40 1 6 17 0 0.00
1118 20091017 55 44 8 20 43 21 0 0.00
1119 20091021 44 54 41 45 34 10 0 0.00
1120 20091024 50 55 7 35 44 40 0 0.00
1121 20091028 18 4 59 54 56 17 1 22023474.44
1122 20091031 49 44 56 26 46 55 0 0.00
1123 20091104 19 4 39 14 45 60 0 0.00
1124 20091107 49 11 7 18 16 33 0 0.00
1125 20091111 7 42 56 29 33 3 1 19093732.19
1126 20091114 59 31 57 4 52 42 0 0.00
1127 20091118 24 8 14 5 29 30 3 1463875.35
1128 20091121 60 8 39 52 24 16 1 1903809.92
1129 20091125 47 19 17 12 32 55 0 0.00
1130 20091128 23 49 32 54 18 5 0 0.00
1131 20091202 49 34 36 1 16 8 0 0.00
1132 20091205 52 30 27 12 55 33 0 0.00
1133 20091209 16 5 58 39 10 21 1 23878446.59
1134 20091212 29 36 56 22 9 51 0 0.00
1135 20091216 5 4 19 39 6 23 1 16270571.71
1136 20091219 7 31 32 37 43 34 0 0.00
1137 20091222 21 28 19 25 50 43 0 0.00
1138 20091224 4 25 18 15 36 2 0 0.00
1139 20091226 36 42 37 9 28 31 0 0.00
1140 20091231 49 58 40 46 10 27 2 72450747.46
1141 20100102 40 9 37 58 50 60 0 0.00
1142 20100106 28 31 15 58 3 26 0 0.00
1143 20100109 35 47 60 44 30 3 0 0.00
1144 20100113 19 10 49 18 1 44 0 0.00
1145 20100116 19 3 60 33 24 16 1 14836725.73
1146 20100120 10 34 53 33 28 6 0 0.00
1147 20100123 23 39 52 31 6 33 0 0.00
1148 20100127 48 32 29 55 27 28 0 0.00
1149 20100130 46 54 8 36 7 23 0 0.00
1150 20100203 28 17 35 52 31 15 0 0.00
1151 20100206 1 25 4 14 21 51 0 0.00
1152 20100210 47 36 44 29 20 14 0 0.00
1153 20100213 55 46 34 17 19 6 0 0.00
1154 20100217 4 14 21 26 12 28 0 0.00
1155 20100220 28 58 41 40 51 20 0 0.00
1156 20100224 31 49 44 24 9 48 0 0.00
1157 20100227 46 9 43 41 49 29 4 18179694.01
1158 20100303 23 31 60 55 30 54 0 0.00
1159 20100306 53 46 5 6 34 55 0 0.00
1160 20100310 40 5 3 48 1 18 1 29887804.73
1161 20100313 48 47 7 4 42 51 0 0.00
1162 20100317 31 25 18 41 22 30 0 0.00
1163 20100320 5 51 31 53 47 17 0 0.00
1164 20100324 17 6 14 40 49 26 0 0.00
1165 20100327 20 52 60 42 54 40 0 0.00
1166 20100331 35 28 54 30 22 31 0 0.00
1167 20100403 43 28 56 20 52 51 0 0.00
1168 20100407 47 20 4 56 53 5 0 0.00
1169 20100410 14 1 11 23 42 48 1 46206248.49
1170 20100414 46 11 27 34 49 13 1 19095125.12
1171 20100417 41 3 10 30 57 13 0 0.00
1172 20100420 28 52 6 43 12 56 0 0.00
1173 20100424 7 25 24 36 5 47 0 0.00
1174 20100428 7 52 6 51 47 39 0 0.00
1175 20100430 2 3 12 37 47 16 0 0.00
1176 20100505 21 11 49 14 33 30 0 0.00
1177 20100508 33 52 55 47 38 50 1 32015488.03
1178 20100512 1 53 22 50 45 30 0 0.00
1179 20100515 59 28 47 60 22 5 0 0.00
1180 20100519 60 12 34 30 44 57 0 0.00
1181 20100522 44 18 45 31 26 20 0 0.00
1182 20100526 52 29 56 60 2 4 0 0.00
1183 20100529 12 5 10 20 29 37 4 8393631.32
1184 20100602 4 23 27 28 9 30 0 0.00
1185 20100605 54 10 2 43 21 35 0 0.00
1186 20100609 41 12 15 7 13 8 1 21726964.78
1187 20100612 8 49 43 17 40 19 0 0.00
1188 20100616 60 52 59 9 44 20 0 0.00
1189 20100619 50 21 14 35 31 27 0 0.00
1190 20100623 11 53 56 37 10 19 2 9806336.06
1191 20100626 25 22 11 16 33 3 0 0.00
1192 20100630 49 17 20 59 57 52 0 0.00
1193 20100703 12 54 2 32 14 9 0 0.00
1194 20100707 24 53 41 6 13 50 0 0.00
1195 20100710 27 17 57 26 55 20 1 20642817.77
1196 20100714 60 3 20 19 58 6 0 0.00
1197 20100717 39 54 36 37 60 49 0 0.00
1198 20100721 29 22 36 58 41 48 0 0.00
1199 20100724 58 28 23 39 16 19 0 0.00
1200 20100728 10 3 39 54 56 11 1 21815376.29
1201 20100731 36 32 55 49 60 28 0 0.00
1202 20100804 9 60 11 53 48 8 0 0.00
1203 20100807 55 30 33 9 7 38 0 0.00
1204 20100811 10 25 5 39 52 43 0 0.00
1205 20100814 14 4 26 35 29 13 0 0.00
1206 20100818 2 11 37 36 48 6 0 0.00
1207 20100821 32 35 22 9 56 11 0 0.00
1208 20100825 45 12 1 26 54 20 0 0.00
1209 20100828 30 17 38 14 5 35 0 0.00
1210 20100901 3 7 9 10 31 34 0 0.00
1211 20100904 36 54 3 31 15 48 7 13217564.89
1212 20100908 35 50 2 23 33 40 0 0.00
1213 20100911 3 53 45 11 34 26 0 0.00
1214 20100915 5 41 29 36 30 48 0 0.00
1215 20100918 47 51 10 50 30 25 0 0.00
1216 20100922 7 25 4 58 13 27 0 0.00
1217 20100925 5 43 28 15 11 50 0 0.00
1218 20100929 33 23 29 46 10 31 0 0.00
1219 20101002 34 37 41 53 2 33 0 0.00
1220 20101006 48 55 52 43 5 15 1 119142144.27
1221 20101009 46 5 58 37 14 43 0 0.00
1222 20101013 26 19 48 57 5 8 0 0.00
1223 20101016 17 15 48 42 35 47 0 0.00
1224 20101020 41 19 57 53 21 27 1 13344577.42
1225 20101023 32 55 34 31 50 40 1 24970852.82
1226 20101027 31 55 56 50 40 10 0 0.00
1227 20101030 35 31 4 30 54 28 1 5445377.96
1228 20101103 36 10 60 52 50 23 0 0.00
1229 20101106 12 49 60 32 30 40 0 0.00
1230 20101110 37 35 12 22 19 9 0 0.00
1231 20101113 20 27 49 5 23 39 1 22383261.66
1232 20101117 12 18 15 8 11 22 0 0.00
1233 20101120 49 22 59 29 32 54 0 0.00
1234 20101124 3 5 24 19 30 35 0 0.00
1235 20101127 16 49 55 20 10 26 0 0.00
1236 20101201 17 20 38 8 53 3 0 0.00
1237 20101204 26 21 39 5 18 59 1 30150521.09
1238 20101208 40 45 24 14 13 39 0 0.00
1239 20101211 15 1 48 37 39 52 0 0.00
1240 20101215 22 42 49 8 12 9 0 0.00
1241 20101218 13 26 25 10 28 45 0 0.00
1242 20101220 54 45 51 11 34 48 0 0.00
1243 20101222 32 19 23 57 9 29 0 0.00
1244 20101224 45 8 34 15 2 25 0 0.00
1245 20101231 34 10 37 50 43 2 4 48598800.01
1246 20110105 59 10 37 57 40 43 0 0.00
1247 20110108 9 11 24 3 51 36 0 0.00
1248 20110112 20 33 58 34 57 60 0 0.00
1249 20110115 3 40 8 53 51 36 1 11177972.67
1250 20110119 59 1 2 40 51 24 0 0.00
1251 20110122 48 27 34 52 46 5 0 0.00
1252 20110126 35 2 51 14 49 39 0 0.00
1253 20110129 2 51 17 44 43 23 0 0.00
1254 20110202 9 29 18 7 14 39 0 0.00
1255 20110205 23 5 54 39 38 51 0 0.00
1256 20110209 26 38 33 35 53 43 0 0.00
1257 20110212 27 15 30 52 26 2 2 26211767.61
1258 20110216 47 26 11 57 59 55 0 0.00
1259 20110219 39 54 58 46 4 6 0 0.00
1260 20110223 19 23 31 53 29 41 0 0.00
1261 20110226 10 41 14 22 53 42 0 0.00
1262 20110302 11 39 9 5 8 7 2 16677746.77
1263 20110305 41 53 18 4 36 26 0 0.00
1264 20110309 56 17 37 51 4 36 0 0.00
1265 20110312 13 50 46 24 60 19 0 0.00
1266 20110316 39 6 42 10 60 33 0 0.00
1267 20110319 47 58 4 41 20 30 0 0.00
1268 20110323 17 53 60 44 16 3 0 0.00
1269 20110326 51 5 27 4 15 17 2 19413790.51
1270 20110330 31 33 24 5 42 9 0 0.00
1271 20110402 2 52 39 59 48 1 0 0.00
1272 20110406 28 27 13 35 26 52 0 0.00
1273 20110409 60 26 19 58 13 40 0 0.00
1274 20110413 13 59 21 17 40 39 0 0.00
1275 20110416 58 55 14 2 60 48 0 0.00
1276 20110420 9 40 5 22 36 11 2 35704303.03
1277 20110423 50 59 18 31 60 12 0 0.00
1278 20110427 4 16 24 56 25 30 0 0.00
1279 20110430 8 29 36 35 14 40 0 0.00
1280 20110504 29 6 54 10 20 16 0 0.00
1281 20110507 36 14 30 38 11 8 1 34943738.22
1282 20110511 4 39 56 23 52 55 0 0.00
1283 20110514 59 8 60 44 40 30 0 0.00
1284 20110518 26 21 20 36 31 29 0 0.00
1285 20110521 33 10 15 38 31 28 0 0.00
1286 20110525 5 52 2 33 51 28 0 0.00
1287 20110528 33 42 12 31 11 52 0 0.00
1288 20110601 42 32 56 40 30 17 0 0.00
1289 20110604 13 8 27 1 3 52 2 26440275.46
1290 20110608 14 50 3 23 2 34 0 0.00
1291 20110611 18 57 58 40 47 54 0 0.00
1292 20110615 30 31 23 9 54 11 0 0.00
1293 20110618 24 50 1 44 13 40 0 0.00
1294 20110622 6 50 4 48 29 51 0 0.00
1295 20110625 20 2 43 15 5 57 1 73451540.26
1296 20110629 49 43 14 10 53 46 0 0.00
1297 20110702 2 56 11 5 59 13 0 0.00
1298 20110706 60 14 53 30 15 55 1 9047534.60
1299 20110709 56 32 8 22 43 53 0 0.00
1300 20110713 46 43 59 54 44 53 2 9484391.42
1301 20110716 16 25 3 51 23 56 1 2751015.40
1302 20110720 44 15 56 2 10 57 0 0.00
1303 20110723 19 51 54 8 52 46 0 0.00
1304 20110727 35 23 15 7 20 14 0 0.00
1305 20110730 44 11 5 46 36 3 0 0.00
1306 20110803 45 6 19 34 43 22 0 0.00
1307 20110806 10 47 54 7 43 32 1 32075789.45
1308 20110809 24 33 7 30 47 8 0 0.00
1309 20110811 7 12 25 26 32 39 0 0.00
1310 20110813 14 8 53 9 59 32 0 0.00
1311 20110817 54 7 19 12 45 9 0 0.00
1312 20110820 28 30 29 22 20 5 0 0.00
1313 20110824 39 26 49 1 4 43 0 0.00
1314 20110827 42 44 52 58 60 38 0 0.00
1315 20110831 27 29 1 50 52 38 1 63981675.84
1316 20110903 48 34 25 42 13 8 1 2824002.29
1317 20110908 35 29 37 13 6 30 0 0.00
1318 20110910 34 46 14 28 11 16 0 0.00
1319 20110914 16 4 18 27 5 51 0 0.00
1320 20110917 38 17 55 41 24 25 0 0.00
1321 20110921 51 59 47 10 60 53 1 31071213.53
1322 20110924 55 43 21 10 47 53 0 0.00
1323 20110928 25 37 15 6 48 55 0 0.00
1324 20111001 29 44 51 31 18 57 0 0.00
1325 20111005 35 2 20 43 5 16 0 0.00
1326 20111008 30 19 10 18 50 11 0 0.00
1327 20111013 41 35 36 16 52 54 0 0.00
1328 20111015 43 27 59 53 23 10 1 45390782.32
1329 20111019 43 50 8 7 39 11 0 0.00
1330 20111022 48 8 21 18 49 30 0 0.00
1331 20111026 24 46 39 57 26 9 1 29215205.37
1332 20111029 5 13 3 24 35 59 1 2963357.08
1333 20111103 25 51 26 42 28 33 0 0.00
1334 20111105 8 25 27 6 10 1 0 0.00
1335 20111109 49 3 51 20 22 14 1 21885288.49
1336 20111112 51 54 32 1 38 47 1 3086420.09
1337 20111116 38 2 45 35 20 51 0 0.00
1338 20111119 19 33 18 43 60 1 1 5448452.03
1339 20111123 59 10 16 14 7 54 0 0.00
1340 20111126 36 21 13 59 60 30 0 0.00
1341 20111130 11 40 37 20 1 52 0 0.00
1342 20111203 5 60 46 42 50 7 0 0.00
1343 20111207 51 31 42 20 56 19 0 0.00
1344 20111210 19 42 8 36 21 59 3 12497169.80
1345 20111214 50 40 26 7 19 17 0 0.00
1346 20111217 59 47 32 48 40 12 1 24409476.19
1347 20111220 19 45 54 56 46 9 0 0.00
1348 20111222 38 45 39 7 12 56 0 0.00
1349 20111224 9 19 20 50 60 51 1 7099412.95
1350 20111231 4 36 29 55 45 3 5 35523497.52
1351 20120104 13 50 41 36 56 33 0 0.00
1352 20120107 35 59 36 9 18 24 0 0.00
1353 20120111 47 11 3 27 32 13 1 8311160.99
1354 20120114 2 42 8 49 48 38 1 2815977.40
1355 20120118 39 49 11 24 17 46 0 0.00
1356 20120121 21 46 6 22 13 31 0 0.00
1357 20120125 55 52 26 19 1 24 0 0.00
1358 20120128 16 15 37 3 35 47 0 0.00
1359 20120201 12 17 28 53 6 10 0 0.00
1360 20120204 50 25 17 16 54 2 2 22673254.06
1361 20120208 37 27 44 30 38 23 0 0.00
1362 20120211 58 19 12 22 2 36 3 1924196.22
1363 20120215 52 25 42 45 35 57 0 0.00
1364 20120218 20 13 40 10 53 44 0 0.00
1365 20120222 50 35 32 26 2 24 0 0.00
1366 20120225 59 44 54 37 27 12 1 22902720.55
1367 20120301 38 29 43 13 7 2 0 0.00
1368 20120303 10 26 29 38 32 21 1 4873830.43
1369 20120307 32 24 16 38 5 46 0 0.00
1370 20120310 2 27 59 49 4 5 2 7499281.75
1371 20120314 47 11 8 49 3 4 0 0.00
1372 20120317 46 60 58 36 40 3 0 0.00
1373 20120321 52 39 7 27 55 57 1 8520148.41
1374 20120324 21 33 28 31 43 6 0 0.00
1375 20120328 25 28 53 45 14 58 2 7822077.02
1376 20120331 53 49 21 11 54 9 0 0.00
1377 20120404 25 5 13 12 35 2 1 5600981.17
1378 20120407 18 17 59 2 54 5 0 0.00
1379 20120411 45 5 36 12 50 58 0 0.00
1380 20120414 52 14 3 60 57 55 0 0.00
1381 20120418 44 30 27 11 40 57 1 22817234.34
1382 20120420 17 27 55 13 5 16 0 0.00
1383 20120425 9 55 23 44 7 46 0 0.00
1384 20120428 56 18 31 2 30 45 2 4030007.03
1385 20120502 42 37 35 27 59 36 1 13402970.05
1386 20120505 39 56 28 12 51 38 0 0.00
1387 20120509 43 27 18 52 50 32 0 0.00
1388 20120512 54 31 50 43 29 22 0 0.00
1389 20120516 1 44 39 16 57 28 1 13488668.85
1390 20120519 29 27 19 4 28 31 2 6920519.93
1391 20120523 19 7 12 34 53 40 0 0.00
1392 20120526 43 8 2 28 33 12 0 0.00
1393 20120530 44 28 18 24 4 39 1 8139697.37
1394 20120602 11 35 16 46 24 50 0 0.00
1395 20120606 5 44 11 19 17 48 0 0.00
1396 20120609 52 48 54 58 55 29 0 0.00
1397 20120613 15 56 3 27 4 7 0 0.00
1398 20120616 42 51 14 40 32 33 0 0.00
1399 20120620 39 43 60 57 34 56 2 19136470.53
1400 20120623 34 26 9 43 54 53 0 0.00
1401 20120627 12 11 54 33 48 25 1 25157779.26
1402 20120630 38 10 27 2 21 9 0 0.00
1403 20120704 16 39 13 26 42 20 0 0.00
1404 20120707 7 32 31 51 27 8 0 0.00
1405 20120711 14 17 32 37 39 3 1 27622910.73
1406 20120714 7 10 38 17 24 57 0 0.00
1407 20120718 53 42 31 43 29 18 0 0.00
1408 20120721 43 39 20 19 24 4 0 0.00
1409 20120725 50 6 47 58 26 19 0 0.00
1410 20120728 54 29 18 42 40 50 0 0.00
1411 20120801 32 44 12 8 48 46 2 21505646.36
1412 20120804 6 8 37 24 45 41 1 3288513.09
1413 20120807 54 33 13 55 45 15 0 0.00
1414 20120809 44 49 57 37 21 46 0 0.00
1415 20120811 51 49 46 40 36 26 0 0.00
1416 20120815 49 3 19 35 22 24 2 14192091.49
1417 20120818 12 56 5 52 45 59 4 773932.30
1418 20120822 7 8 10 27 12 56 0 0.00
1419 20120825 52 21 48 58 30 17 0 0.00
1420 20120829 45 16 18 11 36 2 0 0.00
1421 20120901 31 39 59 19 53 44 1 27700609.77
1422 20120905 17 44 2 5 13 39 1 2662243.82
1423 20120908 43 8 21 27 3 25 3 729819.96
1424 20120912 60 38 29 3 7 15 0 0.00
1425 20120915 7 29 50 16 38 36 1 17534538.97
1426 20120919 24 44 6 15 18 30 0 0.00
1427 20120922 47 44 53 56 8 39 0 0.00
1428 20120926 15 55 37 34 19 7 1 8826040.59
1429 20120929 9 22 60 48 12 39 0 0.00
1430 20121003 19 2 30 46 22 52 0 0.00
1431 20121006 33 54 40 5 9 13 0 0.00
1432 20121010 16 24 25 45 59 42 0 0.00
1433 20121013 14 46 40 13 4 52 1 33905517.49
1434 20121017 3 34 58 22 18 55 2 1352380.47
1435 20121020 45 47 50 52 15 4 0 0.00
1436 20121024 1 23 13 30 24 57 0 0.00
1437 20121027 48 37 26 22 38 23 0 0.00
1438 20121031 49 7 33 31 36 14 2 19240377.33
1439 20121103 35 55 2 43 34 42 0 0.00
1440 20121107 6 28 56 2 36 51 1 24405605.10
1441 20121110 56 29 53 36 38 17 0 0.00
1442 20121114 12 20 13 49 34 30 0 0.00
1443 20121117 52 32 12 54 20 48 0 0.00
1444 20121121 2 5 55 28 27 48 0 0.00
1445 20121124 41 32 19 58 5 49 1 33883410.57
1446 20121128 13 32 6 51 40 24 1 2639040.77
1447 20121201 1 41 28 33 39 19 0 0.00
1448 20121205 25 29 36 1 56 60 0 0.00
1449 20121208 2 18 30 56 52 6 0 0.00
1450 20121212 27 45 44 26 38 31 0 0.00
Concurso Data 1_Dezena 2_Dezena 3_Dezena 4_Dezena 5_Dezena 6_Dezena Ganhadores Rateio_por_Ganhador
